{
 "cells": [
  {
   "cell_type": "code",
   "execution_count": 1,
   "metadata": {},
   "outputs": [],
   "source": [
    "import numpy as np\n",
    "from QR_eig_basic import *"
   ]
  },
  {
   "cell_type": "code",
   "execution_count": 2,
   "metadata": {
    "collapsed": true
   },
   "outputs": [],
   "source": [
    "A = np.array([[4.0,2.0/3.0,-4.0/3.0,4.0/3.0],[2.0/3.0, 4.0, 0.0, 0.0],[-4.0/3.0, 0.0, 6.0, 2.0],[4.0/3.0, 0.0, 2.0, 6.0]])"
   ]
  },
  {
   "cell_type": "code",
   "execution_count": 3,
   "metadata": {},
   "outputs": [
    {
     "name": "stdout",
     "output_type": "stream",
     "text": [
      "K =  1\n",
      "  5.6000   0.2769  -0.3819  -1.1034 \n",
      "  0.2769   3.9148   0.1175   0.3395 \n",
      " -0.3819   0.1175   7.4099  -1.7047 \n",
      " -1.1034   0.3395  -1.7047   3.0753 \n",
      "K =  2\n",
      "  5.9512   0.0541  -0.0401   0.4338 \n",
      "  0.0541   3.9703   0.0220  -0.2377 \n",
      " -0.0401   0.0220   7.9498   0.5429 \n",
      "  0.4338  -0.2377   0.5429   2.1286 \n",
      "K =  3\n",
      "  5.9945   0.0092  -0.0035  -0.1476 \n",
      "  0.0092   3.9922   0.0029   0.1241 \n",
      " -0.0035   0.0029   7.9967  -0.1399 \n",
      " -0.1476   0.1241  -0.1399   2.0165 \n",
      "K =  4\n",
      "  5.9994   0.0015  -0.0003   0.0494 \n",
      "  0.0015   3.9980   0.0004  -0.0624 \n",
      " -0.0003   0.0004   7.9998   0.0351 \n",
      "  0.0494  -0.0624   0.0351   2.0028 \n",
      "K =  5\n",
      "  5.9999   0.0003  -0.0000  -0.0165 \n",
      "  0.0003   3.9995   0.0000   0.0312 \n",
      " -0.0000   0.0000   8.0000  -0.0088 \n",
      " -0.0165   0.0312  -0.0088   2.0006 \n",
      "[5.9999 3.9995 8.     2.0006]\n"
     ]
    }
   ],
   "source": [
    "eig = QR_eig_basic(A,5)\n",
    "print(eig)"
   ]
  },
  {
   "cell_type": "code",
   "execution_count": 4,
   "metadata": {},
   "outputs": [
    {
     "name": "stdout",
     "output_type": "stream",
     "text": [
      "K =  1\n",
      "  5.6000   0.2769  -0.3819  -1.1034 \n",
      "  0.2769   3.9148   0.1175   0.3395 \n",
      " -0.3819   0.1175   7.4099  -1.7047 \n",
      " -1.1034   0.3395  -1.7047   3.0753 \n",
      "K =  2\n",
      "  5.9512   0.0541  -0.0401   0.4338 \n",
      "  0.0541   3.9703   0.0220  -0.2377 \n",
      " -0.0401   0.0220   7.9498   0.5429 \n",
      "  0.4338  -0.2377   0.5429   2.1286 \n",
      "K =  3\n",
      "  5.9945   0.0092  -0.0035  -0.1476 \n",
      "  0.0092   3.9922   0.0029   0.1241 \n",
      " -0.0035   0.0029   7.9967  -0.1399 \n",
      " -0.1476   0.1241  -0.1399   2.0165 \n",
      "K =  4\n",
      "  5.9994   0.0015  -0.0003   0.0494 \n",
      "  0.0015   3.9980   0.0004  -0.0624 \n",
      " -0.0003   0.0004   7.9998   0.0351 \n",
      "  0.0494  -0.0624   0.0351   2.0028 \n",
      "K =  5\n",
      "  5.9999   0.0003  -0.0000  -0.0165 \n",
      "  0.0003   3.9995   0.0000   0.0312 \n",
      " -0.0000   0.0000   8.0000  -0.0088 \n",
      " -0.0165   0.0312  -0.0088   2.0006 \n",
      "K =  6\n",
      "  6.0000   0.0000  -0.0000   0.0055 \n",
      "  0.0000   3.9999   0.0000  -0.0156 \n",
      " -0.0000   0.0000   8.0000   0.0022 \n",
      "  0.0055  -0.0156   0.0022   2.0001 \n",
      "K =  7\n",
      "  6.0000   0.0000  -0.0000  -0.0018 \n",
      "  0.0000   4.0000   0.0000   0.0078 \n",
      " -0.0000   0.0000   8.0000  -0.0005 \n",
      " -0.0018   0.0078  -0.0005   2.0000 \n",
      "K =  8\n",
      "  6.0000   0.0000  -0.0000   0.0006 \n",
      "  0.0000   4.0000   0.0000  -0.0039 \n",
      " -0.0000   0.0000   8.0000   0.0001 \n",
      "  0.0006  -0.0039   0.0001   2.0000 \n",
      "K =  9\n",
      "  6.0000   0.0000  -0.0000  -0.0002 \n",
      "  0.0000   4.0000   0.0000   0.0020 \n",
      " -0.0000   0.0000   8.0000  -0.0000 \n",
      " -0.0002   0.0020  -0.0000   2.0000 \n",
      "K =  10\n",
      "  6.0000   0.0000  -0.0000   0.0001 \n",
      "  0.0000   4.0000   0.0000  -0.0010 \n",
      " -0.0000   0.0000   8.0000   0.0000 \n",
      "  0.0001  -0.0010   0.0000   2.0000 \n",
      "[6. 4. 8. 2.]\n"
     ]
    }
   ],
   "source": [
    "eig10 = QR_eig_basic(A,10)\n",
    "print(eig10)"
   ]
  },
  {
   "cell_type": "code",
   "execution_count": null,
   "metadata": {
    "collapsed": true
   },
   "outputs": [],
   "source": []
  }
 ],
 "metadata": {
  "kernelspec": {
   "display_name": "Python 3",
   "language": "python",
   "name": "python3"
  },
  "language_info": {
   "codemirror_mode": {
    "name": "ipython",
    "version": 3
   },
   "file_extension": ".py",
   "mimetype": "text/x-python",
   "name": "python",
   "nbconvert_exporter": "python",
   "pygments_lexer": "ipython3",
   "version": "3.6.2"
  }
 },
 "nbformat": 4,
 "nbformat_minor": 2
}
